636
321
556
934
455
664
136
756
834
651
839
349
710
814
101
324
970
549
805
806
885
944
856
776
906
426
881
501
518
383
717
941
782
636
766
228
666
297
234
216
179
605
232
211
281
678
549
334
848
950
860
975
423
665
146
816
411
621
279
813
725
576
163
515
518
130
470
253
179
509
930
171
741
527
382
256
133
513
159
566
757
252
939
107
838
983
674
254
372
678
858
641
100
460
728
275
939
444
217
258
605
496
864
422
999
709
311
890
945
999
518
211
125
669
807
689
710
661
612
916
691
585
919
562
907
751
277
111
470
410
413
988
801
436
774
759
831
386
136
842
821
309
670
102
654
721
141
417
527
891
553
294
839
508
151
647
620
640
560
168
764
665
478
660
864
330
535
963
248
241
340
362
119
410
897
530
635
841
488
218
365
841
696
275
985
932
219
708
127
175
726
876
302
168
511
370
399
974
372
229
686
491
772
284
951
920
276
896
646
843
784
754
213
762
242
579
449
128
761
723
331
784
453
762
465
502
227
652
807
823
819
166
506
948
476
769
736
197
667
759
122
219
566
474
349
513
777
551
946
803
290
431
914
397
691
137
