114
28
83
0
55
137
73
125
67
11
72
43
90
127
143
23
51
99
55
108
85
55
21
145
47
63
101
58
80
14
27
121
130
64
73
28
133
37
73
56
15
134
24
21
27
69
29
147
1
6
62
5
43
109
114
134
20
46
147
64
83
149
103
86
112
111
78
55
110
112
120
14
14
37
120
73
108
51
51
69
56
143
124
52
41
78
131
146
114
37
73
32
4
54
11
20
91
32
144
118
132
111
70
73
96
144
25
84
114
59
51
71
125
47
90
65
115
125
136
41
92
7
90
55
145
50
67
15
71
128
150
4
82
7
48
131
25
84
82
9
150
69
123
57
43
91
3
11
82
68
115
39
109
108
124
84
138
54
121
115
14
74
149
7
145
82
51
94
145
144
17
122
138
11
110
108
22
22
137
150
81
113
117
122
107
90
44
57
116
2
102
143
9
86
52
147
28
118
16
76
87
57
102
44
15
0
127
54
68
111
22
139
95
46
149
20
122
69
114
54
80
0
129
106
50
146
8
15
1
48
69
58
8
80
7
42
39
133
88
41
64
65
109
140
48
106
60
56
119
80
67
116
33
117
117
32
