62
259
208
28
188
276
82
236
270
247
32
107
136
86
143
55
49
279
118
263
219
236
208
230
173
115
31
153
213
137
200
41
45
185
145
161
169
219
131
176
125
51
34
71
48
139
189
75
165
32
185
110
30
221
208
266
237
70
225
219
203
224
184
107
132
89
192
62
86
251
169
190
168
173
220
263
125
163
188
140
229
274
264
91
42
156
52
120
76
165
199
204
83
57
47
62
76
145
152
214
236
73
126
24
255
197
161
149
116
23
46
90
276
252
154
196
192
45
126
218
280
187
144
142
129
124
235
160
192
143
45
183
49
177
32
122
127
82
111
181
277
222
89
114
255
89
41
111
92
155
275
109
160
174
69
76
120
276
260
26
70
128
97
185
113
147
246
91
148
81
139
204
214
195
213
226
202
113
187
155
176
245
229
249
251
111
195
258
121
205
103
246
53
260
199
41
174
60
131
56
69
181
104
176
164
66
104
108
241
185
96
138
101
98
223
64
124
258
118
98
129
28
53
187
199
275
231
40
243
177
153
25
276
37
22
234
237
113
42
124
68
110
207
242
37
182
265
251
218
21
259
25
94
258
261
186
229
149
127
176
66
99
145
131
100
242
250
71
40
113
262
56
184
251
38
167
225
280
125
193
249
183
269
184
106
182
220
152
252
81
255
63
47
82
245
265
224
113
154
156
232
265
171
78
79
69
174
65
135
173
95
162
161
222
221
237
161
182
119
55
222
36
201
30
207
159
176
69
279
119
229
111
116
35
66
187
233
219
105
83
173
24
41
82
137
100
66
211
154
70
42
152
166
238
67
68
95
35
176
180
245
254
153
68
88
155
98
167
33
231
182
128
80
105
230
270
47
241
249
149
202
70
234
22
171
86
111
133
25
279
256
29
54
230
241
248
257
169
114
237
21
261
92
26
201
245
55
201
150
270
78
256
181
271
71
27
187
76
98
254
226
147
262
53
145
142
88
48
199
48
83
100
40
184
166
163
178
226
49
134
261
257
170
200
119
100
247
131
21
29
56
106
221
77
268
192
194
106
277
270
136
73
169
222
101
121
233
177
41
272
215
134
195
101
114
172
75
215
166
60
271
74
142
250
156
75
112
117
255
122
212
184
225
163
233
173
142
121
220
24
80
218
24
194
269
171
196
182
245
149
186
234
52
263
189
43
60
249
99
71
242
254
145
131
95
210
204
115
123
200
44
119
262
95
44
160
264
168
138
25
274
110
123
280
154
99
261
96
186
248
261
252
94
232
98
39
219
75
155
53
78
224
218
208
143
48
122
163
36
235
267
92
98
204
210
133
221
112
129
73
177
109
161
27
273
35
173
198
139
68
274
142
51
278
155
58
37
95
42
27
53
267
112
250
55
88
213
138
20
235
61
106
147
176
146
256
229
23
182
189
255
228
173
236
189
165
104
238
51
124
260
138
39
188
210
187
157
215
250
280
140
230
245
201
136
223
25
38
224
214
32
147
96
108
239
219
236
110
199
188
246
202
99
62
92
83
240
248
121
237
158
65
35
177
275
264
279
235
161
90
21
182
229
222
107
124
194
148
64
119
263
216
124
51
229
70
227
22
93
50
254
106
141
133
80
47
37
216
224
260
174
129
203
78
259
145
269
124
194
92
153
248
224
242
226
38
217
155
61
78
195
113
168
145
216
29
256
103
200
198
228
192
173
24
197
228
186
220
81
234
217
211
118
183
40
168
116
175
85
266
104
149
171
234
250
110
47
22
226
64
277
81
80
139
195
241
252
30
272
246
188
37
138
203
277
134
189
130
278
266
45
257
236
181
207
157
257
125
120
117
74
251
162
87
263
169
182
244
48
152
224
74
218
62
28
194
196
160
130
202
193
259
224
85
27
111
244
159
231
109
197
66
37
223
55
66
114
251
114
200
225
236
273
136
229
240
276
214
260
54
72
151
202
35
127
255
271
124
113
252
278
156
73
207
244
130
121
66
99
178
159
118
190
28
57
83
97
92
114
175
35
145
135
150
85
231
164
164
264
77
200
28
125
148
134
245
172
240
66
238
78
143
226
247
244
260
138
135
55
157
83
226
221
189
110
186
224
227
72
95
107
97
100
84
261
230
87
123
108
103
88
241
244
161
270
62
202
268
52
93
129
35
205
248
213
61
270
213
221
214
205
136
188
36
41
57
154
53
163
257
54
60
168
144
92
74
172
82
177
36
70
256
274
71
77
34
135
131
66
173
257
244
75
118
194
79
251
114
88
23
39
168
76
119
147
115
138
73
224
267
156
75
153
279
82
249
47
99
244
40
250
46
75
180
177
158
132
40
265
35
32
85
67
155
167
192
257
219
226
169
132
159
233
279
162
146
118
129
21
172
202
178
95
38
169
111
80
207
216
232
60
179
73
245
84
274
128
240
186
78
98
257
255
197
216
201
201
237
43
96
30
170
261
160
229
234
186
158
61
94
171
75
23
150
187
50
213
277
104
268
233
56
51
231
235
244
84
111
180
266
75
109
222
111
109
128
230
20
201
219
157
275
254
94
211
225
271
263
67
190
208
223
115
211
94
159
50
163
215
238
108
136
186
225
250
94
28
75
102
263
216
44
77
98
144
89
37
147
70
216
218
120
212
265
116
86
231
55
207
267
278
239
144
210
135
276
267
131
59
136
138
67
271
154
232
270
196
23
228
55
238
95
239
158
42
243
162
31
279
42
248
184
216
203
118
109
230
87
258
28
184
132
131
89
269
178
248
26
76
115
199
91
90
100
160
273
137
110
30
169
177
98
62
169
232
186
80
275
173
60
151
136
27
233
87
224
100
110
232
111
35
20
90
269
179
83
252
149
108
198
250
185
156
70
202
260
61
250
120
23
252
167
209
244
227
76
45
131
132
81
176
37
123
146
32
226
215
46
176
126
138
262
71
239
58
244
101
274
229
36
131
64
250
254
279
93
218
220
139
264
267
105
187
167
164
219
100
66
217
32
85
142
233
46
270
224
104
142
214
28
212
98
137
134
190
192
86
57
251
249
226
155
32
140
228
199
251
260
203
277
188
249
125
258
235
188
277
41
211
253
243
148
206
174
212
128
202
77
146
185
147
105
160
52
189
126
78
129
67
90
175
189
116
65
252
243
272
237
112
116
77
233
253
256
134
123
269
32
59
243
34
139
255
92
130
173
28
144
257
47
151
150
275
115
263
136
216
206
228
248
72
88
30
34
78
149
225
87
108
259
36
41
105
186
131
230
219
156
183
253
94
65
232
69
224
196
21
276
168
229
24
142
141
129
103
257
81
61
158
145
237
184
231
93
89
97
160
139
274
248
186
149
112
55
264
221
181
116
144
184
191
241
223
132
118
85
149
187
274
261
200
237
261
214
257
196
38
161
205
184
264
40
208
236
69
109
128
137
96
64
203
180
86
218
260
58
138
94
246
107
266
180
48
194
25
71
161
95
238
116
51
182
58
26
165
114
107
85
190
257
59
161
122
273
68
267
204
127
22
40
101
87
74
185
237
210
200
89
73
230
82
246
45
224
186
78
65
71
84
177
80
88
203
80
105
249
226
125
245
150
83
51
254
108
116
44
173
166
266
264
75
92
78
219
200
175
75
184
268
104
44
180
177
119
271
81
269
141
82
178
259
243
80
87
199
27
249
207
134
257
76
56
80
149
276
170
226
157
139
234
84
164
59
131
239
63
250
59
219
36
23
132
114
25
90
52
270
204
185
99
143
42
39
146
271
60
62
40
32
220
84
104
60
152
158
215
247
31
196
85
95
76
242
236
134
189
133
164
277
188
36
243
144
39
102
49
39
82
250
153
133
156
178
87
238
262
143
178
220
234
271
123
115
70
239
230
23
96
64
105
41
163
122
198
160
120
213
178
230
278
76
249
23
55
275
237
47
114
156
121
182
110
156
255
103
33
42
82
115
164
131
273
133
239
180
51
99
92
209
123
188
134
121
37
188
20
134
37
113
203
44
119
193
21
133
260
53
112
238
90
45
27
71
82
157
259
223
231
23
189
243
171
27
61
28
91
178
122
86
90
24
41
143
175
96
121
111
175
211
173
109
253
272
74
231
123
186
203
48
92
137
141
203
187
166
252
126
202
175
172
122
104
70
149
80
192
38
131
36
69
278
98
148
229
142
151
138
241
137
146
69
165
143
74
275
43
162
257
225
222
81
151
149
167
22
130
52
139
220
91
116
220
151
110
64
278
142
194
99
247
217
119
25
20
250
237
199
128
117
147
84
245
168
62
127
91
24
155
110
260
273
190
71
82
38
70
102
280
133
237
69
105
67
267
248
223
21
163
236
39
180
52
25
65
109
56
43
41
269
21
264
48
155
130
72
41
119
107
218
96
219
261
101
256
143
33
112
252
89
114
243
94
23
197
273
219
64
168
115
95
163
234
157
262
94
275
106
119
219
276
51
75
62
212
132
20
22
236
279
49
135
46
174
280
246
206
278
205
23
259
169
211
107
167
102
169
143
165
74
219
57
115
70
106
193
86
204
30
267
128
87
93
235
228
141
166
45
153
209
24
69
217
107
166
185
178
239
177
207
175
246
217
224
144
109
27
37
86
208
195
176
82
179
230
69
161
114
266
228
177
45
121
72
153
227
213
140
176
152
25
63
113
153
95
174
166
149
206
