30
137
106
272
114
276
59
242
79
201
146
92
78
85
206
137
69
239
177
256
73
190
211
116
243
35
246
194
153
273
23
243
104
233
111
94
145
212
280
70
167
266
39
49
241
131
176
235
249
40
151
75
239
228
257
230
104
108
78
141
187
113
88
35
79
151
31
182
222
81
30
58
157
178
127
258
161
174
79
160
41
47
251
65
52
59
253
77
274
275
191
20
54
111
96
239
166
78
99
246
245
189
142
211
53
122
44
89
188
182
63
268
111
49
147
34
144
28
129
83
214
277
247
121
248
151
131
210
219
122
146
137
217
49
41
232
90
256
236
22
34
241
83
176
145
120
31
162
92
57
166
149
225
24
190
190
152
208
106
43
70
74
278
130
168
234
249
68
276
209
268
229
136
46
258
82
225
174
83
28
227
200
238
189
218
122
85
256
280
201
255
113
227
103
178
267
79
78
151
49
93
203
54
68
240
43
124
22
271
202
247
40
223
191
254
267
275
243
207
46
222
86
233
21
35
21
115
166
34
161
26
93
140
143
236
258
161
161
103
131
217
123
28
31
154
153
83
192
44
116
235
112
149
127
173
180
