68
149
125
72
91
78
80
12
96
47
26
104
68
124
136
82
45
12
112
143
8
31
70
84
61
43
73
78
8
67
10
135
62
113
26
106
60
86
30
150
40
96
80
18
46
137
116
138
106
43
143
8
150
82
34
69
7
88
103
25
66
47
41
66
117
20
81
62
92
114
35
59
12
143
91
90
68
94
0
141
64
121
74
120
150
20
141
69
140
108
11
55
109
18
46
72
102
9
131
83
29
102
38
22
67
57
71
55
122
105
85
5
41
140
43
95
95
115
50
106
60
145
49
8
70
148
127
149
132
50
43
25
25
124
62
111
83
28
97
82
12
46
21
19
49
40
142
126
44
131
150
78
63
86
107
141
124
91
46
145
109
121
8
59
36
39
55
8
73
36
89
79
104
71
84
118
94
76
124
42
55
20
39
39
78
17
123
9
16
53
64
121
113
131
78
12
49
107
5
80
41
99
52
138
36
5
42
69
139
36
92
115
77
109
121
62
100
77
4
126
112
77
91
35
15
139
71
93
74
15
10
5
72
69
22
97
40
114
45
23
5
124
51
32
71
35
94
113
43
126
45
50
145
95
104
11
15
148
130
20
87
4
9
15
24
142
103
32
56
22
20
98
54
48
81
87
63
113
71
100
134
37
3
74
86
26
30
74
97
85
131
82
102
18
127
93
139
7
34
119
5
56
49
5
1
66
115
128
45
65
131
87
127
124
121
37
74
126
81
105
27
61
47
103
77
117
75
80
116
71
104
7
62
90
24
140
147
44
124
75
79
107
127
32
36
103
20
65
86
104
74
116
137
137
141
112
147
16
8
54
148
81
89
115
41
23
30
111
78
24
39
88
113
104
15
87
119
54
43
139
129
19
147
1
79
59
84
19
23
92
147
43
66
139
141
97
16
35
63
95
75
96
8
119
114
133
20
64
14
15
140
132
29
97
88
59
145
50
27
118
38
69
19
127
3
33
145
12
150
26
102
1
48
39
142
30
87
21
124
108
17
50
80
9
53
100
17
94
150
44
125
39
75
88
46
57
134
71
80
27
119
131
119
30
150
80
97
121
99
23
41
20
141
122
75
61
120
34
113
106
132
21
121
131
9
104
131
55
101
66
1
140
12
111
144
101
46
85
132
132
133
150
13
61
123
60
6
23
132
94
137
141
56
113
112
64
91
12
120
116
66
109
28
96
98
100
42
81
119
85
20
2
96
28
117
95
40
54
122
106
70
119
148
59
95
91
105
120
117
74
101
11
2
101
21
0
19
97
33
32
73
119
46
106
71
70
127
101
91
38
82
50
33
18
150
24
78
51
140
107
132
83
7
85
105
134
89
46
69
28
141
21
116
17
135
74
56
9
115
44
65
34
120
27
115
49
109
3
142
65
74
14
69
28
99
14
94
34
70
61
28
82
20
103
29
66
85
145
28
82
67
63
16
149
54
113
52
92
82
5
137
112
71
11
111
98
144
67
97
69
56
138
41
2
123
128
62
68
109
11
130
101
78
46
59
72
65
90
13
81
57
106
66
36
82
37
120
108
101
26
37
137
65
119
88
5
69
65
14
98
138
99
84
123
99
145
21
30
36
124
0
47
13
132
120
118
87
82
66
3
49
108
25
29
59
30
23
32
41
139
140
72
11
41
29
15
41
20
89
103
19
63
19
108
102
54
130
145
17
21
15
65
2
107
44
41
3
56
81
28
13
51
40
2
121
77
48
67
109
56
18
59
81
32
119
30
34
150
39
96
88
67
122
99
130
97
72
48
117
71
41
111
81
61
137
13
137
90
137
140
64
125
87
61
42
13
49
99
109
68
143
47
79
97
31
41
7
136
41
20
117
132
94
10
32
85
61
58
48
43
101
89
135
50
75
87
39
106
61
8
14
74
44
133
15
139
13
37
77
101
90
74
143
40
17
90
123
110
47
149
149
41
105
140
133
2
94
67
67
32
129
100
115
50
73
60
41
63
9
69
76
88
5
69
46
110
82
144
87
119
82
66
78
25
129
8
7
145
136
74
35
109
142
74
0
86
135
93
52
33
51
107
67
15
96
130
74
37
38
115
8
135
116
28
29
97
136
50
103
86
82
34
86
97
26
32
61
75
99
85
102
13
148
140
25
6
23
143
80
69
125
37
131
64
18
139
77
0
0
32
60
106
59
110
106
77
41
85
137
43
42
143
133
71
14
130
147
57
72
32
40
4
49
80
79
149
46
35
74
69
126
66
10
129
140
33
27
59
62
46
38
126
1
88
131
44
92
97
134
37
134
65
68
44
99
91
133
143
142
29
13
108
100
123
5
145
107
67
6
7
118
123
8
43
29
34
65
9
97
128
85
30
109
98
80
77
98
2
98
26
132
51
34
147
100
79
91
95
127
81
138
107
144
66
80
133
94
95
132
129
25
111
2
113
112
78
93
124
34
48
21
19
125
150
106
149
14
108
121
85
74
132
87
24
111
65
99
88
118
85
148
108
134
100
131
64
129
57
114
50
85
30
147
5
28
76
43
32
32
86
99
69
130
62
7
119
30
0
136
29
98
21
88
115
135
107
48
9
7
89
141
87
22
35
1
147
59
6
95
2
108
109
61
141
147
128
38
22
118
51
23
117
33
17
84
39
143
32
81
20
10
121
93
146
131
143
53
17
12
113
17
103
144
93
18
88
131
22
130
55
113
64
38
122
135
51
14
130
83
4
124
97
16
39
39
116
38
20
126
88
130
132
74
27
127
103
12
2
103
42
79
40
136
148
13
118
82
92
122
117
123
53
98
41
21
106
118
68
82
105
6
55
69
93
48
40
88
78
25
116
28
0
65
73
125
69
30
144
109
38
68
31
117
14
30
114
76
28
36
130
138
24
14
10
41
127
26
100
102
4
37
117
117
17
62
140
132
101
148
25
132
148
20
89
85
96
138
39
70
103
81
16
68
115
131
73
11
119
55
80
52
121
146
50
66
3
41
96
101
148
35
84
20
112
114
120
71
100
74
133
34
83
138
62
15
142
94
34
1
74
99
119
85
68
86
1
4
31
133
47
55
114
146
66
62
7
13
7
27
83
64
125
95
130
12
32
38
63
47
101
109
83
37
8
144
130
17
113
8
70
114
138
59
12
63
148
20
138
10
83
38
12
4
87
19
40
2
103
76
24
55
141
14
112
4
87
147
27
145
88
104
6
53
140
69
57
107
61
92
104
0
146
42
134
96
50
81
74
120
32
81
48
90
67
144
46
13
23
52
148
22
25
54
149
42
35
118
3
52
68
65
52
59
111
86
54
21
18
37
76
80
113
83
49
30
115
87
35
82
6
91
122
91
93
142
96
41
119
110
68
29
141
136
8
2
139
7
52
141
75
71
28
58
127
109
88
1
6
87
17
96
74
9
49
138
107
125
8
72
119
12
29
93
89
60
23
20
29
38
123
43
61
45
68
16
101
24
8
21
23
69
8
135
124
122
72
147
121
109
35
85
51
70
118
139
119
117
29
98
15
80
28
129
33
10
81
79
61
65
86
61
42
105
68
116
23
70
46
18
32
62
138
102
43
3
97
136
126
128
113
93
92
23
105
103
124
68
20
27
58
6
70
10
5
55
110
38
143
129
93
36
31
102
4
110
139
111
69
115
12
16
132
3
91
117
49
139
12
0
146
123
24
102
5
44
44
72
133
100
17
38
18
42
17
42
77
109
22
136
141
96
107
119
96
123
91
137
110
73
31
11
144
51
34
24
48
72
36
92
148
79
117
13
41
7
128
109
106
3
113
104
41
26
95
57
50
73
119
113
51
129
85
48
5
3
132
129
38
141
117
112
5
97
113
117
30
86
75
70
60
11
145
37
103
19
32
47
72
99
14
91
13
101
78
139
35
17
4
33
19
89
117
49
11
85
0
113
5
131
35
125
13
4
62
55
53
115
21
111
11
75
139
96
43
55
62
33
106
0
140
82
64
100
119
133
26
29
10
140
128
49
131
86
1
130
57
113
96
101
127
28
95
80
149
145
42
25
106
122
56
115
55
84
85
50
7
26
119
17
99
138
39
125
108
77
124
113
79
99
128
43
18
125
150
144
135
88
32
86
141
126
43
43
27
39
41
91
105
103
2
110
33
117
142
54
37
56
81
92
126
79
13
53
91
15
18
139
42
145
69
53
99
73
74
2
38
107
84
99
49
36
106
112
93
122
34
150
63
49
128
45
27
17
79
107
70
138
24
54
83
106
38
79
15
61
116
11
142
146
82
61
51
108
60
92
123
102
1
92
78
18
145
120
37
34
66
67
76
24
8
38
6
97
63
142
34
50
11
141
38
57
60
132
33
10
68
147
101
141
144
134
3
55
85
146
126
83
19
22
54
119
75
120
55
74
94
149
15
83
6
98
119
80
21
68
16
128
59
138
122
3
27
82
48
61
125
66
149
12
68
60
77
110
67
118
21
92
109
104
59
107
51
63
135
67
74
146
118
145
107
55
40
78
37
79
46
140
104
25
65
44
68
54
13
141
87
28
16
149
76
72
140
128
125
88
81
87
81
75
58
57
141
93
0
99
12
114
116
18
97
141
123
149
20
47
0
99
109
0
112
131
23
46
44
95
16
77
149
102
90
35
73
81
4
118
127
37
37
115
86
10
33
94
68
117
37
17
139
